[1] "------------- INITIAL MODEL (ALL FEATURES) --------------"

Call:
lm(formula = streams ~ ., data = train_data)

Residuals:
       Min         1Q     Median         3Q        Max 
-1.389e+09 -1.452e+08 -3.213e+07  9.128e+07  2.192e+09 

Coefficients:
                             Estimate Std. Error t value Pr(>|t|)    
(Intercept)                 3.195e+08  1.061e+08   3.010 0.002702 ** 
listeners_cum               9.360e-01  4.326e-01   2.164 0.030806 *  
artist_count               -3.210e+07  1.218e+07  -2.636 0.008571 ** 
released_weekdayDonnerstag  6.819e+07  4.986e+07   1.368 0.171835    
released_weekdayFreitag     7.729e+07  4.443e+07   1.740 0.082355 .  
released_weekdayMittwoch    1.314e+08  5.420e+07   2.425 0.015577 *  
released_weekdayMontag      1.075e+08  5.693e+07   1.888 0.059379 .  
released_weekdaySamstag     2.472e+06  7.433e+07   0.033 0.973484    
released_weekdaySonntag     1.483e+08  6.742e+07   2.199 0.028201 *  
years_since_release        -3.740e+06  1.113e+06  -3.361 0.000819 ***
released_monthFebruary     -2.426e+07  5.195e+07  -0.467 0.640683    
released_monthMarch         4.655e+07  4.712e+07   0.988 0.323572    
released_monthApril        -1.211e+07  5.111e+07  -0.237 0.812827    
released_monthMay           1.622e+07  4.261e+07   0.381 0.703558    
released_monthJune          5.440e+06  4.840e+07   0.112 0.910528    
released_monthJuly         -1.915e+07  5.295e+07  -0.362 0.717728    
released_monthAugust        4.010e+07  5.766e+07   0.695 0.487039    
released_monthSeptember     1.007e+08  5.291e+07   1.904 0.057341 .  
released_monthOctober      -9.715e+05  4.976e+07  -0.020 0.984428    
released_monthNovember     -1.483e+07  4.642e+07  -0.319 0.749527    
released_monthDecember      4.104e+06  4.840e+07   0.085 0.932457    
in_spotify_playlists        3.497e+04  3.522e+03   9.928  < 2e-16 ***
in_spotify_charts           5.858e+06  8.259e+05   7.092 3.19e-12 ***
in_apple_playlists          2.783e+06  2.070e+05  13.443  < 2e-16 ***
in_apple_charts            -1.621e+04  2.740e+05  -0.059 0.952838    
in_deezer_playlists        -2.506e+02  1.839e+04  -0.014 0.989130    
in_deezer_charts           -4.653e+06  2.430e+06  -1.915 0.055904 .  
in_shazam_charts           -5.807e+05  8.346e+04  -6.958 7.83e-12 ***
bpm                         9.924e+04  3.772e+05   0.263 0.792549    
keyA#                       3.437e+07  5.845e+07   0.588 0.556723    
keyB                        1.883e+06  5.234e+07   0.036 0.971314    
keyC#                      -1.495e+07  4.793e+07  -0.312 0.755244    
keyD                       -1.251e+07  5.316e+07  -0.235 0.814047    
keyD#                       5.790e+07  6.693e+07   0.865 0.387310    
keyE                        6.052e+07  5.567e+07   1.087 0.277369    
keyF                       -3.696e+07  5.287e+07  -0.699 0.484714    
keyF#                      -3.027e+06  5.440e+07  -0.056 0.955640    
keyG                       -6.040e+07  5.136e+07  -1.176 0.239975    
keyG#                      -7.754e+06  5.109e+07  -0.152 0.879412    
keyKeine Angabe            -1.790e+07  5.046e+07  -0.355 0.722877    
modeMinor                  -1.514e+07  2.258e+07  -0.671 0.502741    
danceability_.             -1.312e+06  8.533e+05  -1.538 0.124460    
valence_.                   4.766e+04  5.437e+05   0.088 0.930172    
energy_.                   -2.200e+06  6.933e+05  -3.173 0.001571 ** 
liveness_.                 -5.770e+05  7.724e+05  -0.747 0.455290    
speechiness_.              -1.219e+06  1.092e+06  -1.116 0.264735    
---
Signif. codes:  0 ‘***’ 0.001 ‘**’ 0.01 ‘*’ 0.05 ‘.’ 0.1 ‘ ’ 1

Residual standard error: 280400000 on 713 degrees of freedom
Multiple R-squared:  0.7737,	Adjusted R-squared:  0.7595 
F-statistic: 54.18 on 45 and 713 DF,  p-value: < 2.2e-16

[1] "-------------------------------------------------------"
[1] "------------- NUMBER OF REMOVED OUTLIERS --------------"
[1] 51
[1] "-------------------------------------------------------"
[1] "------------- BACKWARD MODEL --------------"

Call:
lm(formula = streams ~ artist_count + years_since_release + in_spotify_playlists + 
    in_spotify_charts + in_apple_playlists + in_apple_charts + 
    in_deezer_playlists + in_deezer_charts + in_shazam_charts + 
    bpm + mode + danceability_. + energy_., data = new_data)

Residuals:
       Min         1Q     Median         3Q        Max 
-581545927 -113185828  -26698909   81588332  653488066 

Coefficients:
                      Estimate Std. Error t value Pr(>|t|)    
(Intercept)          260468559   54608402   4.770 2.25e-06 ***
artist_count         -32690725    7821957  -4.179 3.30e-05 ***
years_since_release   -5960002     743366  -8.018 4.58e-15 ***
in_spotify_playlists     47589       2790  17.058  < 2e-16 ***
in_spotify_charts      4380120     585246   7.484 2.19e-13 ***
in_apple_playlists     2327910     160788  14.478  < 2e-16 ***
in_apple_charts         400803     188049   2.131  0.03341 *  
in_deezer_playlists     -37678      17214  -2.189  0.02894 *  
in_deezer_charts      -3306476    1782474  -1.855  0.06402 .  
in_shazam_charts       -574472      58560  -9.810  < 2e-16 ***
bpm                     440628     250741   1.757  0.07931 .  
modeMinor            -29124751   14400876  -2.022  0.04352 *  
danceability_.         -959661     510540  -1.880  0.06057 .  
energy_.              -1275578     442382  -2.883  0.00406 ** 
---
Signif. codes:  0 ‘***’ 0.001 ‘**’ 0.01 ‘*’ 0.05 ‘.’ 0.1 ‘ ’ 1

Residual standard error: 184300000 on 694 degrees of freedom
Multiple R-squared:  0.8472,	Adjusted R-squared:  0.8443 
F-statistic: 295.9 on 13 and 694 DF,  p-value: < 2.2e-16

[1] "-------------------------------------------------------"
[1] "------------- FORWARD MODEL --------------"

Call:
lm(formula = streams ~ in_spotify_playlists + in_apple_playlists + 
    years_since_release + in_shazam_charts + in_spotify_charts + 
    artist_count + danceability_. + energy_. + in_deezer_playlists + 
    in_apple_charts + mode + in_deezer_charts + bpm, data = new_data)

Residuals:
       Min         1Q     Median         3Q        Max 
-581545927 -113185828  -26698909   81588332  653488066 

Coefficients:
                      Estimate Std. Error t value Pr(>|t|)    
(Intercept)          260468559   54608402   4.770 2.25e-06 ***
in_spotify_playlists     47589       2790  17.058  < 2e-16 ***
in_apple_playlists     2327910     160788  14.478  < 2e-16 ***
years_since_release   -5960002     743366  -8.018 4.58e-15 ***
in_shazam_charts       -574472      58560  -9.810  < 2e-16 ***
in_spotify_charts      4380120     585246   7.484 2.19e-13 ***
artist_count         -32690725    7821957  -4.179 3.30e-05 ***
danceability_.         -959661     510540  -1.880  0.06057 .  
energy_.              -1275578     442382  -2.883  0.00406 ** 
in_deezer_playlists     -37678      17214  -2.189  0.02894 *  
in_apple_charts         400803     188049   2.131  0.03341 *  
modeMinor            -29124751   14400876  -2.022  0.04352 *  
in_deezer_charts      -3306476    1782474  -1.855  0.06402 .  
bpm                     440628     250741   1.757  0.07931 .  
---
Signif. codes:  0 ‘***’ 0.001 ‘**’ 0.01 ‘*’ 0.05 ‘.’ 0.1 ‘ ’ 1

Residual standard error: 184300000 on 694 degrees of freedom
Multiple R-squared:  0.8472,	Adjusted R-squared:  0.8443 
F-statistic: 295.9 on 13 and 694 DF,  p-value: < 2.2e-16

[1] "-------------------------------------------------------"
[1] "------------- SUBSET SELECTION --------------"
[1] "BIC VALUES:"
 [1]  -850.5828 -1085.0151 -1123.3464 -1192.1577 -1223.9793 -1246.0753
 [7] -1250.1826 -1254.7543 -1255.1527 -1254.8384 -1253.2687 -1251.3265
[13] -1249.3892 -1246.8815 -1244.7302 -1240.5417 -1235.8842 -1231.3059
[19] -1226.3577 -1220.8280 -1215.1805 -1209.4772 -1203.6153 -1197.7938
[25] -1191.7614 -1185.6198 -1179.4534 -1173.2696 -1167.0606 -1160.7424
[31] -1154.3938 -1148.0334 -1141.6400 -1135.2739 -1128.8180 -1122.3186
[37] -1115.8314 -1109.3351 -1102.8235 -1096.2739 -1089.7255 -1083.1734
[43] -1076.6157 -1070.0576 -1063.4961
[1] "BEST MODEL VARIABLES:"
[1] "artist_count"         "years_since_release"  "in_spotify_playlists"
[4] "in_spotify_charts"    "in_apple_playlists"   "in_shazam_charts"    
[7] "danceability_."       "energy_."            
[1] "-------------------------------------------------------"
[1] "------------- FINAL MODEL --------------"

Call:
lm(formula = best_model_formula, data = new_data)

Residuals:
       Min         1Q     Median         3Q        Max 
-669407145 -115081916  -28154382   86154616  685441878 

Coefficients:
                      Estimate Std. Error t value Pr(>|t|)    
(Intercept)          342045197   42012510   8.142 1.79e-15 ***
artist_count         -35287468    7798529  -4.525 7.10e-06 ***
years_since_release   -5462690     742511  -7.357 5.29e-13 ***
in_spotify_playlists     42887       1744  24.596  < 2e-16 ***
in_spotify_charts      4512708     475523   9.490  < 2e-16 ***
in_apple_playlists     2434440     136990  17.771  < 2e-16 ***
in_shazam_charts       -586847      57360 -10.231  < 2e-16 ***
danceability_.        -1401301     504142  -2.780  0.00559 ** 
energy_.              -1152899     443136  -2.602  0.00947 ** 
---
Signif. codes:  0 ‘***’ 0.001 ‘**’ 0.01 ‘*’ 0.05 ‘.’ 0.1 ‘ ’ 1

Residual standard error: 186400000 on 699 degrees of freedom
Multiple R-squared:  0.8425,	Adjusted R-squared:  0.8407 
F-statistic: 467.5 on 8 and 699 DF,  p-value: < 2.2e-16

[1] "-------------------------------------------------------"
[1] "-------------------------------------------------------"
