[1] "------------- INITIAL MODEL (ALL FEATURES) --------------"

Call:
lm(formula = streams ~ ., data = train_data)

Residuals:
     Min       1Q   Median       3Q      Max 
-2.12507 -0.29956  0.02307  0.32123  1.92187 

Coefficients:
                             Estimate Std. Error t value Pr(>|t|)    
(Intercept)                 1.426e+01  4.973e-01  28.667  < 2e-16 ***
listeners_cum              -2.883e-09  8.376e-10  -3.443  0.00061 ***
artist_count               -6.334e-02  2.296e-02  -2.759  0.00595 ** 
released_weekdayDonnerstag -1.024e-02  9.413e-02  -0.109  0.91342    
released_weekdayFreitag     7.824e-03  8.362e-02   0.094  0.92548    
released_weekdayMittwoch    1.701e-01  1.024e-01   1.661  0.09717 .  
released_weekdayMontag      1.332e-01  1.081e-01   1.232  0.21828    
released_weekdaySamstag     1.499e-01  1.402e-01   1.069  0.28543    
released_weekdaySonntag     4.483e-02  1.270e-01   0.353  0.72419    
years_since_release        -9.511e-03  2.129e-03  -4.468 9.20e-06 ***
released_monthFebruary      6.703e-02  9.804e-02   0.684  0.49441    
released_monthMarch         1.128e-01  8.842e-02   1.275  0.20266    
released_monthApril         1.283e-01  9.616e-02   1.335  0.18244    
released_monthMay           2.178e-02  8.089e-02   0.269  0.78785    
released_monthJune         -4.846e-02  9.141e-02  -0.530  0.59616    
released_monthJuly         -1.064e-03  9.952e-02  -0.011  0.99148    
released_monthAugust        2.531e-01  1.083e-01   2.338  0.01969 *  
released_monthSeptember     2.503e-01  9.955e-02   2.514  0.01214 *  
released_monthOctober       1.400e-01  9.353e-02   1.497  0.13479    
released_monthNovember      1.029e-01  8.678e-02   1.186  0.23613    
released_monthDecember      1.516e-01  9.124e-02   1.662  0.09699 .  
in_spotify_playlists_log    6.397e-01  2.391e-02  26.756  < 2e-16 ***
in_spotify_charts           4.918e-03  1.521e-03   3.233  0.00128 ** 
in_apple_playlists          7.979e-04  3.506e-04   2.276  0.02316 *  
in_apple_charts             2.594e-03  5.178e-04   5.009 6.92e-07 ***
in_deezer_playlists         5.176e-06  2.198e-05   0.235  0.81390    
in_deezer_charts           -5.608e-03  4.512e-03  -1.243  0.21438    
in_shazam_charts           -1.158e-03  1.573e-04  -7.365 4.93e-13 ***
bpm_log                     9.776e-02  8.628e-02   1.133  0.25756    
keyA#                      -2.066e-02  1.097e-01  -0.188  0.85061    
keyB                       -7.096e-02  9.852e-02  -0.720  0.47161    
keyC#                      -1.257e-01  9.022e-02  -1.393  0.16398    
keyD                       -4.256e-02  9.998e-02  -0.426  0.67046    
keyD#                      -2.145e-02  1.260e-01  -0.170  0.86489    
keyE                        1.531e-02  1.049e-01   0.146  0.88397    
keyF                       -8.648e-02  9.939e-02  -0.870  0.38452    
keyF#                       2.762e-02  1.024e-01   0.270  0.78745    
keyG                       -1.143e-01  9.660e-02  -1.184  0.23698    
keyG#                      -8.454e-02  9.624e-02  -0.878  0.38002    
keyKeine Angabe            -1.901e-02  9.497e-02  -0.200  0.84139    
modeMinor                  -4.203e-02  4.254e-02  -0.988  0.32349    
danceability_.              1.604e-03  1.637e-03   0.980  0.32748    
valence_.                   1.321e-03  1.046e-03   1.262  0.20731    
energy_._boxcox            -5.084e-04  2.060e-04  -2.467  0.01384 *  
acousticness_.             -1.909e-04  9.931e-04  -0.192  0.84762    
liveness_.                 -1.065e-03  1.456e-03  -0.731  0.46480    
speechiness_.              -6.535e-03  2.058e-03  -3.175  0.00156 ** 
---
Signif. codes:  0 ‘***’ 0.001 ‘**’ 0.01 ‘*’ 0.05 ‘.’ 0.1 ‘ ’ 1

Residual standard error: 0.5281 on 712 degrees of freedom
Multiple R-squared:  0.7688,	Adjusted R-squared:  0.7539 
F-statistic: 51.48 on 46 and 712 DF,  p-value: < 2.2e-16

[1] "-------------------------------------------------------"
[1] "------------- NUMBER OF REMOVED OUTLIERS --------------"
[1] 39
[1] "-------------------------------------------------------"
[1] "------------- BACKWARD MODEL --------------"

Call:
lm(formula = streams ~ listeners_cum + artist_count + years_since_release + 
    in_spotify_playlists_log + in_spotify_charts + in_apple_playlists + 
    in_apple_charts + in_deezer_charts + in_shazam_charts + valence_. + 
    energy_._boxcox + speechiness_., data = new_data)

Residuals:
     Min       1Q   Median       3Q      Max 
-1.22155 -0.27613  0.02294  0.30713  1.21744 

Coefficients:
                           Estimate Std. Error t value Pr(>|t|)    
(Intercept)               1.471e+01  1.537e-01  95.729  < 2e-16 ***
listeners_cum            -4.241e-09  6.747e-10  -6.286 5.71e-10 ***
artist_count             -1.043e-01  1.964e-02  -5.310 1.47e-07 ***
years_since_release      -1.304e-02  1.835e-03  -7.109 2.86e-12 ***
in_spotify_playlists_log  6.710e-01  2.009e-02  33.406  < 2e-16 ***
in_spotify_charts         6.303e-03  1.315e-03   4.795 1.99e-06 ***
in_apple_playlists        6.129e-04  2.917e-04   2.101  0.03600 *  
in_apple_charts           2.769e-03  4.435e-04   6.245 7.31e-10 ***
in_deezer_charts         -7.316e-03  4.080e-03  -1.793  0.07339 .  
in_shazam_charts         -1.280e-03  1.392e-04  -9.199  < 2e-16 ***
valence_.                 1.258e-03  7.789e-04   1.615  0.10666    
energy_._boxcox          -4.307e-04  1.419e-04  -3.035  0.00249 ** 
speechiness_.            -5.424e-03  1.717e-03  -3.159  0.00165 ** 
---
Signif. codes:  0 ‘***’ 0.001 ‘**’ 0.01 ‘*’ 0.05 ‘.’ 0.1 ‘ ’ 1

Residual standard error: 0.443 on 707 degrees of freedom
Multiple R-squared:  0.8148,	Adjusted R-squared:  0.8117 
F-statistic: 259.2 on 12 and 707 DF,  p-value: < 2.2e-16

[1] "-------------------------------------------------------"
[1] "------------- FORWARD MODEL --------------"

Call:
lm(formula = streams ~ in_spotify_playlists_log + in_apple_charts + 
    in_shazam_charts + years_since_release + listeners_cum + 
    artist_count + in_spotify_charts + speechiness_. + energy_._boxcox + 
    in_apple_playlists + in_deezer_charts + valence_., data = new_data)

Residuals:
     Min       1Q   Median       3Q      Max 
-1.22155 -0.27613  0.02294  0.30713  1.21744 

Coefficients:
                           Estimate Std. Error t value Pr(>|t|)    
(Intercept)               1.471e+01  1.537e-01  95.729  < 2e-16 ***
in_spotify_playlists_log  6.710e-01  2.009e-02  33.406  < 2e-16 ***
in_apple_charts           2.769e-03  4.435e-04   6.245 7.31e-10 ***
in_shazam_charts         -1.280e-03  1.392e-04  -9.199  < 2e-16 ***
years_since_release      -1.304e-02  1.835e-03  -7.109 2.86e-12 ***
listeners_cum            -4.241e-09  6.747e-10  -6.286 5.71e-10 ***
artist_count             -1.043e-01  1.964e-02  -5.310 1.47e-07 ***
in_spotify_charts         6.303e-03  1.315e-03   4.795 1.99e-06 ***
speechiness_.            -5.424e-03  1.717e-03  -3.159  0.00165 ** 
energy_._boxcox          -4.307e-04  1.419e-04  -3.035  0.00249 ** 
in_apple_playlists        6.129e-04  2.917e-04   2.101  0.03600 *  
in_deezer_charts         -7.316e-03  4.080e-03  -1.793  0.07339 .  
valence_.                 1.258e-03  7.789e-04   1.615  0.10666    
---
Signif. codes:  0 ‘***’ 0.001 ‘**’ 0.01 ‘*’ 0.05 ‘.’ 0.1 ‘ ’ 1

Residual standard error: 0.443 on 707 degrees of freedom
Multiple R-squared:  0.8148,	Adjusted R-squared:  0.8117 
F-statistic: 259.2 on 12 and 707 DF,  p-value: < 2.2e-16

[1] "-------------------------------------------------------"
