[1] "------------- INITIAL MODEL (ALL FEATURES) --------------"

Call:
lm(formula = streams ~ ., data = train_data)

Residuals:
       Min         1Q     Median         3Q        Max 
-1.385e+09 -1.457e+08 -3.379e+07  9.631e+07  2.166e+09 

Coefficients:
                             Estimate Std. Error t value Pr(>|t|)    
(Intercept)                 2.352e+08  1.202e+08   1.957 0.050717 .  
listeners_cum               9.707e-01  4.328e-01   2.243 0.025219 *  
artist_count               -3.118e+07  1.218e+07  -2.559 0.010692 *  
released_weekdayDonnerstag  6.015e+07  5.011e+07   1.200 0.230360    
released_weekdayFreitag     7.277e+07  4.449e+07   1.635 0.102389    
released_weekdayMittwoch    1.227e+08  5.446e+07   2.253 0.024532 *  
released_weekdayMontag      9.529e+07  5.747e+07   1.658 0.097736 .  
released_weekdaySamstag    -4.829e+06  7.443e+07  -0.065 0.948286    
released_weekdaySonntag     1.459e+08  6.739e+07   2.165 0.030721 *  
years_since_release        -3.865e+06  1.115e+06  -3.467 0.000559 ***
released_monthFebruary     -3.121e+07  5.211e+07  -0.599 0.549404    
released_monthMarch         4.617e+07  4.708e+07   0.981 0.327118    
released_monthApril        -1.333e+07  5.108e+07  -0.261 0.794114    
released_monthMay           7.226e+06  4.300e+07   0.168 0.866591    
released_monthJune          1.859e+06  4.841e+07   0.038 0.969386    
released_monthJuly         -1.838e+07  5.291e+07  -0.347 0.728340    
released_monthAugust        3.873e+07  5.762e+07   0.672 0.501703    
released_monthSeptember     9.735e+07  5.291e+07   1.840 0.066202 .  
released_monthOctober      -9.643e+05  4.971e+07  -0.019 0.984529    
released_monthNovember     -1.484e+07  4.638e+07  -0.320 0.749026    
released_monthDecember     -1.677e+06  4.851e+07  -0.035 0.972428    
in_spotify_playlists        3.518e+04  3.522e+03   9.988  < 2e-16 ***
in_spotify_charts           5.896e+06  8.256e+05   7.141 2.29e-12 ***
in_apple_playlists          2.781e+06  2.068e+05  13.446  < 2e-16 ***
in_apple_charts             7.490e+03  2.742e+05   0.027 0.978217    
in_deezer_playlists        -1.284e+03  1.838e+04  -0.070 0.944335    
in_deezer_charts           -4.826e+06  2.431e+06  -1.985 0.047475 *  
in_shazam_charts           -5.882e+05  8.354e+04  -7.041 4.49e-12 ***
bpm                         1.366e+05  3.777e+05   0.362 0.717677    
keyA#                       3.869e+07  5.847e+07   0.662 0.508341    
keyB                        3.622e+06  5.231e+07   0.069 0.944820    
keyC#                      -1.211e+07  4.793e+07  -0.253 0.800622    
keyD                       -1.252e+07  5.311e+07  -0.236 0.813772    
keyD#                       5.652e+07  6.688e+07   0.845 0.398304    
keyE                        5.701e+07  5.567e+07   1.024 0.306140    
keyF                       -3.847e+07  5.283e+07  -0.728 0.466810    
keyF#                      -6.951e+06  5.442e+07  -0.128 0.898390    
keyG                       -5.969e+07  5.132e+07  -1.163 0.245173    
keyG#                      -5.054e+06  5.108e+07  -0.099 0.921208    
keyKeine Angabe            -1.924e+07  5.042e+07  -0.382 0.702921    
modeMinor                  -1.462e+07  2.257e+07  -0.648 0.517182    
danceability_.             -1.004e+06  8.773e+05  -1.144 0.252867    
valence_.                  -1.258e+05  5.555e+05  -0.226 0.820937    
energy_.                   -1.430e+06  8.637e+05  -1.656 0.098203 .  
acousticness_.              7.963e+05  5.336e+05   1.492 0.136061    
liveness_.                 -5.276e+05  7.724e+05  -0.683 0.494801    
speechiness_.              -1.232e+06  1.091e+06  -1.129 0.259312    
---
Signif. codes:  0 ‘***’ 0.001 ‘**’ 0.01 ‘*’ 0.05 ‘.’ 0.1 ‘ ’ 1

Residual standard error: 280200000 on 712 degrees of freedom
Multiple R-squared:  0.7744,	Adjusted R-squared:  0.7599 
F-statistic: 53.15 on 46 and 712 DF,  p-value: < 2.2e-16

[1] "-------------------------------------------------------"
[1] "------------- NUMBER OF REMOVED OUTLIERS --------------"
[1] 54
[1] "-------------------------------------------------------"
[1] "------------- BACKWARD MODEL --------------"

Call:
lm(formula = streams ~ artist_count + years_since_release + in_spotify_playlists + 
    in_spotify_charts + in_apple_playlists + in_apple_charts + 
    in_deezer_playlists + in_deezer_charts + in_shazam_charts + 
    bpm + mode + valence_. + acousticness_., data = new_data)

Residuals:
       Min         1Q     Median         3Q        Max 
-538805022 -105009647  -24049789   87270516  649020856 

Coefficients:
                      Estimate Std. Error t value Pr(>|t|)    
(Intercept)           97933315   36980858   2.648 0.008276 ** 
artist_count         -33122558    7577435  -4.371 1.43e-05 ***
years_since_release   -5625611     736998  -7.633 7.63e-14 ***
in_spotify_playlists     50246       2884  17.420  < 2e-16 ***
in_spotify_charts      4209967     570700   7.377 4.66e-13 ***
in_apple_playlists     2255417     160697  14.035  < 2e-16 ***
in_apple_charts         373675     182427   2.048 0.040903 *  
in_deezer_playlists     -59318      16771  -3.537 0.000432 ***
in_deezer_charts      -3435949    1730000  -1.986 0.047417 *  
in_shazam_charts       -520004      55846  -9.311  < 2e-16 ***
bpm                     591215     241102   2.452 0.014447 *  
modeMinor            -29492679   14028799  -2.102 0.035889 *  
valence_.              -618812     299807  -2.064 0.039387 *  
acousticness_.          901004     273991   3.288 0.001058 ** 
---
Signif. codes:  0 ‘***’ 0.001 ‘**’ 0.01 ‘*’ 0.05 ‘.’ 0.1 ‘ ’ 1

Residual standard error: 179300000 on 691 degrees of freedom
Multiple R-squared:  0.8534,	Adjusted R-squared:  0.8506 
F-statistic: 309.4 on 13 and 691 DF,  p-value: < 2.2e-16

[1] "-------------------------------------------------------"
[1] "------------- FORWARD MODEL --------------"

Call:
lm(formula = streams ~ in_spotify_playlists + in_apple_playlists + 
    years_since_release + in_deezer_playlists + artist_count + 
    in_shazam_charts + in_spotify_charts + acousticness_. + bpm + 
    valence_. + in_deezer_charts + mode + in_apple_charts, data = new_data)

Residuals:
       Min         1Q     Median         3Q        Max 
-538805022 -105009647  -24049789   87270516  649020856 

Coefficients:
                      Estimate Std. Error t value Pr(>|t|)    
(Intercept)           97933315   36980858   2.648 0.008276 ** 
in_spotify_playlists     50246       2884  17.420  < 2e-16 ***
in_apple_playlists     2255417     160697  14.035  < 2e-16 ***
years_since_release   -5625611     736998  -7.633 7.63e-14 ***
in_deezer_playlists     -59318      16771  -3.537 0.000432 ***
artist_count         -33122558    7577435  -4.371 1.43e-05 ***
in_shazam_charts       -520004      55846  -9.311  < 2e-16 ***
in_spotify_charts      4209967     570700   7.377 4.66e-13 ***
acousticness_.          901004     273991   3.288 0.001058 ** 
bpm                     591215     241102   2.452 0.014447 *  
valence_.              -618812     299807  -2.064 0.039387 *  
in_deezer_charts      -3435949    1730000  -1.986 0.047417 *  
modeMinor            -29492679   14028799  -2.102 0.035889 *  
in_apple_charts         373675     182427   2.048 0.040903 *  
---
Signif. codes:  0 ‘***’ 0.001 ‘**’ 0.01 ‘*’ 0.05 ‘.’ 0.1 ‘ ’ 1

Residual standard error: 179300000 on 691 degrees of freedom
Multiple R-squared:  0.8534,	Adjusted R-squared:  0.8506 
F-statistic: 309.4 on 13 and 691 DF,  p-value: < 2.2e-16

[1] "-------------------------------------------------------"
